"Mediator";"Parameter";"Estimate";"SE";"L95";"U95";"Estimate_bt";"SE_approx";"CI95_low";"CI95_high"
"C3beta";"C3beta_Intercept";-3.02296162296944;0.0860022552871588;-3.1918412075;-2.856021;0.0463992572796837;0.00380873268682294;0.0394739096181174;0.0543709172765206
"C3beta";"C3beta_TypePATRIMONIAL";1.01492579301583;0.0957330990084193;0.826465377;1.2024732025;0.733983027715325;0.0186871729424942;0.695607034085791;0.768964460253805
"C3beta";"C3beta_TypeUSOS";1.40976280459722;0.0997209684278784;1.2143223575;1.6075715875;0.803728528996851;0.015732266469171;0.771062846731756;0.833073960254069
"C3beta";"C3beta_z_Area";0.0379579272288048;0.0398952252879191;-0.04208753055;0.11572546875;0.509488342597537;0.0099688938405324;0.489479670257796;0.528899122038885
"Herbbeta";"Herbbeta_Intercept";-1.67309189837778;0.0887805712727605;-1.848493725;-1.49921322;0.1580123837626;0.0118148890140116;0.136049847965079;0.182542898573267
"Herbbeta";"Herbbeta_TypePATRIMONIAL";-0.0531390270253336;0.0984990962575694;-0.24441889275;0.14144934625;0.486718368437372;0.0245875647196452;0.439197673118091;0.535303493732406
"Herbbeta";"Herbbeta_TypeUSOS";0.254706751614334;0.105130152519425;0.049358753375;0.46341428125;0.563334651806865;0.0258381829712681;0.512337183702571;0.613823825355627
"Herbbeta";"Herbbeta_z_Area";0.0351465389857368;0.0432384386500605;-0.04971429495;0.11926366975;0.508785730362554;0.0108045904180882;0.487573985409858;0.529780626273353
"Pbeta";"Pbeta_Intercept";-4.31400933844722;0.0819883788381049;-4.4735287125;-4.15286749;0.0132031423987221;0.00106931525143435;0.0112783407984071;0.0154760053144983
"Pbeta";"Pbeta_TypePATRIMONIAL";0.258261248835419;0.08223511103199;0.098134537425;0.41915877775;0.564208820319519;0.0202089167423853;0.524513964265421;0.603281935255708
"Pbeta";"Pbeta_TypeUSOS";0.162191110053159;0.0901743671037417;-0.013656055575;0.3401720645;0.540459123380955;0.0223811156001569;0.496586039161271;0.584232318854067
"Pbeta";"Pbeta_z_Area";0.115560635736517;0.0390785276755599;0.0376792024;0.19071805775;0.528858051251782;0.00973586124118941;0.50941868629979;0.547535516103728
"Vivbeta";"Vivbeta_Intercept";-5.92302896743611;0.0876364332155161;-6.0962443725;-5.7522065725;0.00266993148074691;0.000233652590468432;0.00224624993447318;0.00316571194387156
"Vivbeta";"Vivbeta_TypePATRIMONIAL";0.253115875397746;0.0893112320710831;0.079447187275;0.42833748975;0.562943274848021;0.0219600682126685;0.519851356342512;0.605476606537312
"Vivbeta";"Vivbeta_TypeUSOS";0.166976277364194;0.0907807523593261;-0.009020145765;0.348622144;0.541647349861425;0.0225225849059553;0.497744978848342;0.586283412597884
"Vivbeta";"Vivbeta_z_Area";0.0644611025560393;0.0326627000870897;2.31869791500001e-05;0.127526131;0.516109697728658;0.00815647544572778;0.500005796744787;0.531838395683075
"abundance";"abundance_Intercept";2.40455705342547;0.229607670061153;1.97544525;2.8250891275;11.0735242160846;2.56496560397848;7.20982911567475;16.8624478269345
"abundance";"abundance_TypePATRIMONIAL";0.100577478848871;0.173387076645298;-0.2401907585;0.44037212175;1.10580931521791;0.192695170501198;0.786477819427032;1.55328512215732
"abundance";"abundance_TypeUSOS";0.0336385970746741;0.207662860128699;-0.374117604;0.438605546;1.03421077238123;0.216314097015464;0.687896007749656;1.55054354863931
"abundance";"abundance_zC3_logit";-0.0635423034756272;0.0815690459555881;-0.22308864425;0.0967494571000002;0.938434419423359;0.0766321131120375;0.800043926857304;1.10158434490757
"abundance";"abundance_zHerb_logit";-0.213741547456572;0.0760397495969884;-0.36211573525;-0.06428952725;0.807557073233061;0.061465630526577;0.696201788090907;0.937733460833552
"abundance";"abundance_zP_logit";0.106393577192195;0.0838709570739855;-0.057957718275;0.27064039175;1.11225955036248;0.0933956793303571;0.943689847427887;1.31080360982689
"abundance";"abundance_zViv_logit";0.0236632145145547;0.0652852327066312;-0.1051190265;0.151916561;1.02394540986194;0.0668960110111085;0.900217366486812;1.16406310411851
"abundance";"abundance_z_Area";-0.0502079879628767;0.0649787982012955;-0.17780407525;0.0765674719;0.951031600803671;0.0618403865804446;0.837106417288552;1.07957502885825
"abundance";"abundance_z_Conn";-0.0332195879511979;0.0840381451678926;-0.19538346925;0.13220135475;0.967326123104127;0.0813880135345914;0.822519186757456;1.14133810998153
"hu_abundance";"hu_abundance_Intercept";-0.40350664566157;0.169621858487672;-0.7370953025;-0.0715015520249999;0.400470122908723;0.0406393209592479;0.323639647407266;0.482132223720603
"hu_abundance";"hu_abundance_TypePATRIMONIAL";0.140362651528491;0.204761585955572;-0.26011583975;0.53902164475;0.535033164095153;0.0507644469072964;0.435335232433838;0.631584798034533
"hu_abundance";"hu_abundance_TypeUSOS";0.249194162722669;0.230998092377565;-0.1995347455;0.70026981325;0.561978146939086;0.0566221899535611;0.450281163554785;0.668247590524199
"hu_abundance";"hu_abundance_zC3_logit";0.217577606760914;0.0901613410633253;0.0426879732;0.39476481775;0.554180826715033;0.0222611137946531;0.510670372997001;0.597429204016513
"hu_abundance";"hu_abundance_zHerb_logit";0.0314194742341947;0.0769316752376026;-0.11874018075;0.1821086995;0.50785422243937;0.0192187021378622;0.47034978373183;0.545401770408437
"hu_abundance";"hu_abundance_zP_logit";-0.0266336728544585;0.0911447225715253;-0.203970394;0.15150605525;0.493341975355618;0.0227663901043176;0.449183460069538;0.537804228007656
"hu_abundance";"hu_abundance_zViv_logit";-0.0348557801623648;0.0677397391684277;-0.16669634825;0.097663635725;0.491286937085009;0.0169233272506299;0.458422147689355;0.524396520467911
"hu_abundance";"hu_abundance_z_Area";-0.182541814985305;0.0843624285449319;-0.35250829875;-0.020800191325;0.454490845623476;0.020903797214465;0.412774297611281;0.494800139643146
"hu_abundance";"hu_abundance_z_Conn";0.119199092909474;0.0787298574814649;-0.03364000625;0.274175738;0.529764539304565;0.0196026986043834;0.491590791445963;0.568117753943345
